zip,votes_dem,votes_gop,votes_other
501,,,
1001,55.09589451603236,39.07202077714514,5.832084706822496
1002,66.26266391072744,26.833921883833845,6.903414205438728
1003,66.28527007494321,26.830157052800352,6.884572872256435
1004,66.28527007494321,26.830157052800352,6.884572872256434
1005,51.74291024012263,41.2466008000588,7.010488959818568
1007,66.28527007494321,26.830157052800352,6.884572872256435
1008,55.68233371125182,38.455824698513865,5.861841590234305
1009,,,
1010,54.99749339469553,39.13583888515977,5.866667720144693
1011,56.40330047002241,37.64553432048757,5.951165209490022
1012,66.28527007494321,26.830157052800352,6.884572872256435
1013,55.09589451603236,39.07202077714514,5.832084706822495
1014,55.09589451603236,39.072020777145134,5.832084706822494
1020,55.095894516032374,39.07202077714514,5.832084706822496
1021,55.09589451603236,39.07202077714514,5.832084706822496
1022,55.095894516032374,39.07202077714514,5.832084706822497
1026,66.33577559886052,26.797299706871474,6.866924694267997
1027,66.28527007494321,26.830157052800352,6.884572872256435
1028,55.09589451603236,39.07202077714514,5.832084706822496
1029,67.49655076193281,26.042134962097137,6.461314275970049
1030,55.095894516032374,39.07202077714514,5.832084706822497
1031,51.74291024012263,41.2466008000588,7.01048895981857
1032,66.28527007494321,26.830157052800352,6.884572872256435
1033,66.26606409586458,26.8511695728767,6.882766331258733
1034,55.09589451603236,39.07202077714514,5.832084706822495
1035,66.28527007494321,26.830157052800352,6.884572872256435
1036,55.09589451603236,39.07202077714514,5.832084706822495
1037,51.74291024012264,41.2466008000588,7.01048895981857
1038,66.28527007494321,26.830157052800352,6.884572872256434
1039,65.88611533834478,26.896632290490714,7.217252371164502
1040,55.09589451603236,39.07202077714514,5.832084706822496
1041,55.09589451603236,39.07202077714514,5.832084706822496
1050,64.80724961361572,28.44720216618516,6.745548220199102
1053,66.28527007494321,26.830157052800345,6.884572872256434
1054,64.15089372680127,27.18561613183457,8.66349014136415
1056,55.09589451603236,39.07202077714514,5.832084706822496
1057,55.095894516032374,39.07202077714514,5.832084706822496
1059,,,
1060,66.28527007494323,26.830157052800352,6.884572872256435
1061,66.28527007494321,26.830157052800352,6.884572872256434
1062,66.28527007494321,26.830157052800352,6.884572872256435
1063,,,
1066,66.28527007494321,26.830157052800352,6.884572872256435
1068,51.74291024012263,41.24660080005879,7.01048895981857
1069,55.13707096150501,39.02697121817063,5.835957820324355
1070,66.28062617217203,26.82606799508055,6.893305832747415
1071,55.09589451603236,39.07202077714514,5.832084706822495
1072,64.15089372680127,27.18561613183457,8.66349014136415
1073,66.22269804131714,26.898614698588773,6.87868726009409
1074,,,
1075,66.2852700749432,26.830157052800345,6.884572872256434
1077,55.09589451603236,39.07202077714514,5.832084706822495
1079,55.095894516032374,39.07202077714514,5.832084706822497
1080,55.09589451603235,39.07202077714514,5.832084706822495
1081,55.09589451603236,39.07202077714514,5.832084706822495
1082,65.33106104268862,27.778975095761837,6.889963861549542
1083,,,
1084,66.28527007494321,26.830157052800352,6.884572872256435
1085,55.09589451603236,39.07202077714514,5.832084706822496
1088,66.28527007494321,26.830157052800352,6.884572872256435
1089,55.09589451603236,39.07202077714514,5.832084706822496
1090,55.09589451603236,39.07202077714514,5.832084706822495
1092,,,
1093,64.15089372680127,27.18561613183457,8.663490141364152
1094,,,
1095,55.09589451603236,39.07202077714514,5.832084706822495
1096,66.05485084695117,26.868531075565887,7.076618077482938
1098,66.28527007494321,26.830157052800345,6.884572872256435
1101,55.09589451603236,39.07202077714514,5.832084706822495
1103,55.09589451603236,39.07202077714514,5.832084706822495
1104,55.09589451603236,39.07202077714514,5.832084706822496
1105,55.09589451603236,39.07202077714514,5.832084706822497
1106,55.09589451603236,39.07202077714514,5.832084706822496
1107,55.095894516032374,39.07202077714514,5.832084706822496
1108,55.09589451603235,39.07202077714514,5.832084706822495
1109,55.09589451603236,39.072020777145134,5.832084706822496
1111,,,
1115,,,
1116,55.09589451603236,39.07202077714514,5.832084706822495
1118,55.09589451603236,39.07202077714514,5.832084706822495
1119,55.09589451603236,39.07202077714514,5.832084706822495
1128,55.09589451603236,39.07202077714514,5.832084706822496
1129,55.09589451603236,39.07202077714514,5.832084706822495
1138,55.095894516032374,39.07202077714514,5.832084706822497
1139,55.09589451603236,39.07202077714514,5.832084706822495
1144,,,
1151,55.09589451603236,39.072020777145134,5.832084706822495
1152,,,
1199,,,
1201,67.49655076193281,26.042134962097137,6.461314275970049
1202,67.49655076193281,26.04213496209714,6.461314275970051
1220,67.49655076193281,26.042134962097137,6.461314275970049
1222,67.49655076193281,26.042134962097137,6.461314275970049
1223,67.47701272784703,26.06266438797107,6.460322884181906
1224,67.49655076193281,26.042134962097137,6.461314275970049
1225,67.49655076193281,26.04213496209714,6.461314275970049
1226,67.49655076193281,26.04213496209714,6.461314275970051
1227,67.49655076193281,26.04213496209714,6.461314275970051
1229,,,
1230,67.49655076193281,26.042134962097137,6.461314275970049
1235,67.44202067839197,26.07761056316933,6.480368758438722
1236,67.49655076193281,26.042134962097137,6.461314275970049
1237,67.49655076193281,26.042134962097137,6.461314275970049
1238,67.49655076193281,26.042134962097137,6.461314275970049
1240,67.49655076193281,26.04213496209714,6.461314275970051
1242,,,
1243,,,
1244,,,
1245,67.49655076193281,26.042134962097137,6.461314275970049
1247,67.48481609224743,26.046145646299802,6.46903826145278
1252,,,
1253,67.49655076193281,26.042134962097137,6.461314275970049
1254,67.49655076193281,26.042134962097137,6.461314275970051
1255,67.49655076193281,26.042134962097137,6.461314275970049
1256,67.49655076193281,26.042134962097137,6.461314275970049
1257,67.49655076193281,26.04213496209714,6.461314275970049
1258,67.49655076193282,26.04213496209714,6.461314275970049
1259,67.49655076193281,26.042134962097137,6.461314275970049
1260,67.49655076193281,26.042134962097137,6.461314275970049
1262,67.49655076193281,26.04213496209713,6.461314275970049
1263,,,
1264,67.49655076193281,26.042134962097137,6.461314275970049
1266,67.49655076193281,26.042134962097137,6.461314275970049
1267,67.49655076193281,26.04213496209714,6.461314275970049
1270,67.49655076193281,26.042134962097137,6.461314275970049
1301,64.15089372680127,27.18561613183457,8.663490141364152
1302,64.15089372680127,27.18561613183458,8.663490141364152
1330,64.19641289499137,27.178035368668162,8.625551736340487
1331,51.75541638205129,41.23242858020485,7.012155037743868
1337,64.15089372680129,27.18561613183458,8.663490141364152
1338,64.15089372680126,27.18561613183457,8.663490141364152
1339,64.15089372680129,27.18561613183458,8.663490141364152
1340,64.15089372680129,27.18561613183457,8.663490141364152
1341,64.15089372680127,27.18561613183457,8.663490141364152
1342,64.15089372680127,27.18561613183458,8.663490141364152
1343,67.49655076193281,26.042134962097137,6.461314275970049
1344,64.15089372680127,27.18561613183457,8.66349014136415
1346,64.15089372680129,27.18561613183458,8.663490141364152
1347,64.15089372680127,27.18561613183458,8.663490141364152
1349,64.15089372680127,27.18561613183458,8.663490141364152
1350,64.15089372680127,27.18561613183457,8.663490141364152
1351,64.15089372680127,27.18561613183457,8.66349014136415
1354,64.15089372680127,27.18561613183457,8.66349014136415
1355,64.15089372680127,27.18561613183457,8.663490141364152
1360,64.15089372680127,27.18561613183458,8.663490141364152
1364,64.1245787623449,27.215436796261088,8.659984441394014
1366,51.74291024012263,41.2466008000588,7.010488959818568
1367,64.3057273370421,27.132696984446277,8.561575678511634
1368,51.74291024012263,41.2466008000588,7.01048895981857
1370,64.15089372680129,27.18561613183458,8.663490141364152
1373,64.15089372680129,27.18561613183458,8.663490141364152
1375,64.15089372680127,27.18561613183457,8.663490141364152
1376,64.15089372680129,27.18561613183457,8.663490141364152
1378,64.15089372680127,27.18561613183457,8.663490141364152
1379,64.15089372680127,27.18561613183457,8.663490141364152
1380,64.15089372680126,27.18561613183457,8.663490141364152
1420,51.74291024012263,41.2466008000588,7.010488959818568
1430,51.74291024012263,41.24660080005879,7.010488959818568
1431,66.29811895761695,28.192633607780976,5.509247434602059
1432,66.32274997817126,28.170543059959314,5.506706961869426
1434,56.45998263449592,37.01605285843172,6.52396450707237
1436,51.74291024012263,41.2466008000588,7.010488959818568
1438,51.74291024012264,41.2466008000588,7.01048895981857
1440,51.74291024012263,41.2466008000588,7.01048895981857
1441,,,
1450,66.32274997817126,28.170543059959318,5.506706961869427
1451,51.91856651587175,41.08906192134861,6.9923715627796295
1452,51.74291024012263,41.2466008000588,7.01048895981857
1453,51.74291024012263,41.2466008000588,7.010488959818568
1460,66.32274997817126,28.170543059959314,5.506706961869426
1462,51.76407526053695,41.22761876500354,7.0083059744595335
1463,66.32274997817126,28.170543059959314,5.506706961869426
1464,66.32274997817127,28.170543059959318,5.506706961869426
1467,,,
1468,51.74291024012263,41.2466008000588,7.01048895981857
1469,66.32274997817126,28.170543059959314,5.506706961869426
1472,,,
1473,51.74291024012263,41.2466008000588,7.01048895981857
1474,66.32274997817126,28.170543059959314,5.506706961869426
1475,51.74291024012263,41.24660080005879,7.010488959818568
1501,51.74291024012263,41.2466008000588,7.010488959818568
1503,51.74291024012264,41.2466008000588,7.01048895981857
1504,51.77417458941397,41.22048656543308,7.005338845152955
1505,51.74291024012263,41.2466008000588,7.01048895981857
1506,51.74291024012263,41.2466008000588,7.01048895981857
1507,51.74291024012263,41.2466008000588,7.01048895981857
1508,51.74291024012263,41.2466008000588,7.01048895981857
1509,51.74291024012263,41.2466008000588,7.010488959818568
1510,51.74291024012263,41.2466008000588,7.010488959818568
1515,51.74291024012263,41.2466008000588,7.01048895981857
1516,51.74291024012263,41.2466008000588,7.010488959818568
1518,51.74291024012263,41.2466008000588,7.010488959818568
1519,51.74291024012263,41.2466008000588,7.01048895981857
1520,51.74291024012263,41.2466008000588,7.01048895981857
1521,55.09589451603236,39.07202077714514,5.832084706822494
1522,51.74291024012264,41.2466008000588,7.010488959818568
1523,51.74291024012264,41.2466008000588,7.01048895981857
1524,51.74291024012263,41.2466008000588,7.01048895981857
1525,51.74291024012264,41.2466008000588,7.010488959818568
1526,,,
1527,51.74291024012263,41.2466008000588,7.01048895981857
1529,51.74291024012264,41.2466008000588,7.01048895981857
1531,51.74291024012263,41.2466008000588,7.01048895981857
1532,51.78267751810608,41.21093516638786,7.006387315506054
1534,51.74291024012263,41.2466008000588,7.010488959818568
1535,51.74291024012263,41.2466008000588,7.010488959818568
1536,51.74291024012264,41.2466008000588,7.01048895981857
1537,51.74291024012263,41.2466008000588,7.01048895981857
1538,51.74291024012263,41.2466008000588,7.01048895981857
1540,51.74291024012264,41.2466008000588,7.01048895981857
1541,51.74291024012263,41.24660080005879,7.010488959818568
1542,51.74291024012263,41.2466008000588,7.010488959818568
1543,51.74291024012263,41.2466008000588,7.01048895981857
1545,51.74291024012264,41.2466008000588,7.01048895981857
1546,,,
1550,51.74291024012264,41.24660080005879,7.01048895981857
1560,51.74291024012263,41.2466008000588,7.010488959818568
1561,,,
1562,51.74291024012264,41.2466008000588,7.01048895981857
1564,51.74291024012264,41.2466008000588,7.010488959818568
1566,51.74291024012263,41.2466008000588,7.01048895981857
1568,51.74291024012263,41.24660080005879,7.010488959818568
1569,51.74291024012264,41.2466008000588,7.01048895981857
1570,51.74291024012263,41.2466008000588,7.010488959818568
1571,51.74291024012264,41.2466008000588,7.01048895981857
1581,51.74291024012263,41.2466008000588,7.01048895981857
1583,51.74291024012264,41.2466008000588,7.01048895981857
1585,51.74291024012263,41.2466008000588,7.01048895981857
1586,51.74291024012263,41.24660080005879,7.010488959818568
1588,51.74291024012263,41.2466008000588,7.01048895981857
1590,51.74291024012264,41.2466008000588,7.01048895981857
1601,51.74291024012263,41.2466008000588,7.01048895981857
1602,51.74291024012264,41.2466008000588,7.01048895981857
1603,51.74291024012263,41.2466008000588,7.01048895981857
1604,51.74291024012264,41.2466008000588,7.01048895981857
1605,51.74291024012264,41.2466008000588,7.010488959818568
1606,51.74291024012263,41.2466008000588,7.01048895981857
1607,51.74291024012263,41.24660080005879,7.01048895981857
1608,51.74291024012263,41.2466008000588,7.010488959818568
1609,51.74291024012263,41.2466008000588,7.01048895981857
1610,51.74291024012263,41.24660080005879,7.01048895981857
1611,51.74291024012263,41.2466008000588,7.010488959818568
1612,51.74291024012264,41.2466008000588,7.01048895981857
1613,51.74291024012263,41.2466008000588,7.01048895981857
1614,,,
1653,,,
1655,,,
1701,66.32274997817127,28.170543059959314,5.506706961869426
1702,66.32274997817126,28.170543059959314,5.506706961869426
1703,66.32274997817126,28.170543059959314,5.506706961869426
1704,66.32274997817127,28.170543059959314,5.506706961869426
1718,66.32274997817127,28.170543059959314,5.506706961869426
1719,66.32274997817126,28.170543059959314,5.506706961869426
1720,66.32274997817126,28.170543059959314,5.506706961869426
1721,66.32274997817127,28.170543059959314,5.506706961869426
1730,66.32274997817127,28.170543059959318,5.506706961869426
1731,66.32274997817127,28.170543059959314,5.506706961869426
1740,51.74291024012263,41.2466008000588,7.010488959818568
1741,66.32274997817126,28.170543059959314,5.506706961869426
1742,66.32274997817126,28.170543059959314,5.506706961869426
1745,51.74291024012263,41.2466008000588,7.010488959818568
1746,66.32274997817126,28.170543059959314,5.506706961869426
1747,51.74291024012264,41.2466008000588,7.01048895981857
1748,66.32274997817126,28.170543059959314,5.506706961869426
1749,66.31081404204781,28.181247909445766,5.507938048506427
1752,66.31686005581852,28.175825488720736,5.507314455460749
1754,66.32274997817126,28.170543059959314,5.506706961869426
1756,51.75495764584637,41.23653793974563,7.008504414408005
1757,51.74291024012264,41.2466008000588,7.01048895981857
1760,66.31895561024234,28.17438359060703,5.506660799150629
1770,66.32274997817126,28.170543059959314,5.506706961869426
1772,51.74291024012263,41.2466008000588,7.01048895981857
1773,66.32274997817126,28.170543059959314,5.506706961869426
1775,66.32274997817126,28.170543059959314,5.506706961869426
1776,66.32274997817126,28.170543059959314,5.506706961869426
1778,66.32274997817126,28.170543059959314,5.506706961869426
1784,,,
1801,66.32274997817126,28.170543059959314,5.506706961869426
1803,66.32274997817126,28.170543059959314,5.506706961869426
1805,,,
1810,58.50033418656264,35.994268167783936,5.505397645653416
1812,,,
1821,66.32274997817126,28.170543059959318,5.506706961869427
1822,66.32274997817127,28.170543059959318,5.506706961869426
1824,66.32274997817126,28.170543059959314,5.506706961869426
1826,66.32091591974097,28.172377425374368,5.506706654884665
1827,66.32274997817126,28.170543059959314,5.506706961869426
1830,58.496038708991335,35.99856436433243,5.505396926676238
1831,58.496038708991335,35.99856436433243,5.505396926676238
1832,58.49603870899133,35.99856436433243,5.505396926676237
1833,58.49603870899133,35.99856436433243,5.505396926676238
1834,58.496038708991335,35.99856436433243,5.505396926676238
1835,58.496038708991335,35.998564364332424,5.505396926676238
1840,58.49603870899133,35.99856436433243,5.505396926676237
1841,58.496038708991335,35.99856436433243,5.505396926676238
1842,58.49603870899133,35.998564364332424,5.505396926676237
1843,58.496038708991335,35.99856436433243,5.505396926676238
1844,58.49603870899133,35.99856436433243,5.505396926676238
1845,58.49603870899133,35.998564364332424,5.505396926676237
1850,66.32274997817126,28.170543059959318,5.506706961869426
1851,66.32274997817126,28.170543059959314,5.506706961869426
1852,66.32274997817126,28.170543059959314,5.506706961869426
1853,66.32274997817126,28.170543059959314,5.506706961869426
1854,66.32274997817126,28.170543059959314,5.506706961869426
1860,58.49603870899133,35.99856436433243,5.505396926676237
1862,66.32274997817126,28.170543059959318,5.506706961869426
1863,66.32274997817126,28.170543059959314,5.506706961869426
1864,66.32274997817126,28.170543059959314,5.506706961869426
1865,66.32274997817126,28.170543059959314,5.506706961869426
1866,,,
1867,66.32274997817127,28.170543059959318,5.506706961869426
1876,66.31969795153132,28.173595597447566,5.506706451021104
1879,66.32274997817126,28.170543059959314,5.506706961869426
1880,66.31723515053152,28.176058810671094,5.506706038797392
1885,,,
1886,66.32274997817126,28.170543059959314,5.506706961869426
1887,66.32274997817126,28.170543059959314,5.506706961869426
1888,66.32274997817126,28.170543059959314,5.506706961869426
1889,,,
1890,66.32274997817126,28.170543059959314,5.506706961869426
1899,,,
1901,58.49603870899133,35.99856436433243,5.505396926676238
1902,58.496038708991335,35.99856436433243,5.505396926676238
1903,58.49603870899133,35.998564364332424,5.505396926676238
1904,58.496038708991335,35.99856436433243,5.505396926676237
1905,58.49603870899133,35.99856436433243,5.505396926676237
1906,58.50445641194807,35.99024750392266,5.505296084129259
1907,58.496038708991335,35.99856436433243,5.505396926676238
1908,58.49603870899133,35.99856436433243,5.505396926676237
1910,,,
1913,58.496038708991335,35.99856436433243,5.505396926676237
1915,58.49603870899133,35.99856436433243,5.505396926676237
1921,58.496038708991335,35.99856436433243,5.505396926676238
1922,58.496038708991335,35.99856436433243,5.505396926676238
1923,58.49603870899133,35.998564364332424,5.505396926676238
1929,58.496038708991335,35.99856436433243,5.505396926676238
1930,58.496038708991335,35.99856436433243,5.505396926676238
1931,58.496038708991335,35.99856436433243,5.505396926676238
1936,58.496038708991335,35.99856436433243,5.505396926676238
1937,,,
1938,58.496038708991335,35.998564364332424,5.505396926676237
1940,58.49603870899133,35.998564364332424,5.505396926676238
1944,58.49603870899133,35.99856436433243,5.505396926676238
1945,58.496038708991335,35.99856436433243,5.505396926676238
1949,58.496038708991335,35.99856436433243,5.505396926676238
1950,58.496038708991335,35.99856436433243,5.505396926676237
1951,58.49603870899133,35.99856436433243,5.505396926676237
1952,58.496038708991335,35.99856436433243,5.505396926676238
1960,58.49603870899133,35.99856436433243,5.505396926676237
1961,58.496038708991335,35.99856436433243,5.505396926676238
1965,58.49603870899133,35.99856436433243,5.505396926676237
1966,58.49603870899133,35.99856436433243,5.505396926676238
1969,58.496038708991335,35.99856436433243,5.505396926676238
1970,58.49603870899133,35.998564364332424,5.505396926676237
1971,58.49603870899133,35.99856436433243,5.505396926676237
1982,58.496038708991335,35.99856436433243,5.505396926676238
1983,58.49603870899133,35.998564364332424,5.505396926676237
1984,58.496038708991335,35.99856436433243,5.505396926676238
1985,58.496038708991335,35.99856436433243,5.505396926676238
2018,50.660185942279156,43.427667242058085,5.91214681566276
2019,61.24668442427071,33.30836461410751,5.444950961621774
2020,50.660185942279156,43.427667242058085,5.91214681566276
2021,61.24668442427071,33.30836461410752,5.444950961621775
2025,61.2410714572038,33.31372987368672,5.445198669109475
2026,61.26094826257468,33.295200090129185,5.443851647296132
2027,61.24668442427071,33.30836461410751,5.444950961621775
2030,61.26912769717795,33.28564829374797,5.445224009074077
2032,61.24668442427071,33.30836461410752,5.444950961621775
2035,61.24668442427071,33.30836461410752,5.444950961621775
2038,61.246684424270725,33.30836461410751,5.444950961621775
2041,50.660185942279156,43.42766724205808,5.91214681566276
2043,50.661270727152626,43.42663033014244,5.912098942704929
2044,,,
2045,50.660185942279156,43.427667242058085,5.91214681566276
2047,50.660185942279156,43.427667242058085,5.9121468156627595
2048,51.8743176137685,42.568813374130784,5.556869012100734
2050,50.66018594227914,43.427667242058085,5.9121468156627595
2051,50.660185942279156,43.427667242058085,5.9121468156627595
2052,61.24668442427071,33.30836461410751,5.444950961621774
2053,61.24668442427071,33.30836461410751,5.444950961621774
2054,61.291701865584024,33.26279948539983,5.445498649016149
2056,61.24668442427071,33.30836461410752,5.444950961621775
2059,,,
2060,50.660185942279156,43.427667242058085,5.912146815662761
2061,50.660185942279156,43.427667242058085,5.9121468156627595
2062,61.24668442427071,33.30836461410752,5.444950961621775
2065,50.660185942279156,43.427667242058085,5.91214681566276
2066,50.66807014742918,43.42013097706645,5.911798875504382
2067,61.246684424270704,33.30836461410751,5.444950961621774
2070,,,
2071,61.24668442427071,33.30836461410752,5.444950961621775
2072,61.24668442427071,33.30836461410751,5.444950961621774
2081,61.24668442427071,33.30836461410751,5.444950961621775
2090,61.24668442427071,33.30836461410751,5.444950961621774
2093,61.24668442427071,33.30836461410752,5.444950961621775
2108,79.47231950763879,16.487379619592975,4.040300872768247
2109,79.47231950763879,16.487379619592975,4.040300872768247
2110,79.47231950763879,16.487379619592975,4.040300872768246
2111,79.47231950763877,16.48737961959297,4.040300872768246
2112,79.47231950763877,16.48737961959297,4.040300872768246
2113,79.47231950763877,16.487379619592975,4.040300872768247
2114,79.47231950763877,16.48737961959297,4.040300872768246
2115,79.47231950763877,16.487379619592975,4.040300872768246
2116,79.47231950763877,16.48737961959297,4.040300872768246
2117,79.47231950763879,16.48737961959297,4.040300872768246
2118,79.47231950763879,16.487379619592975,4.040300872768246
2119,79.47231950763877,16.48737961959297,4.040300872768246
2120,79.47231950763877,16.48737961959297,4.040300872768246
2121,79.47231950763879,16.487379619592975,4.040300872768247
2122,79.47231950763877,16.48737961959297,4.040300872768246
2123,79.47231950763877,16.487379619592975,4.040300872768246
2124,79.47231950763879,16.487379619592975,4.040300872768247
2125,79.47231950763879,16.487379619592975,4.040300872768246
2126,79.47231950763879,16.487379619592975,4.040300872768246
2127,79.47231950763877,16.487379619592975,4.040300872768246
2128,79.47231950763879,16.487379619592975,4.040300872768246
2129,79.47231950763879,16.487379619592975,4.040300872768246
2130,79.46583208140184,16.493367059749943,4.040800858848207
2131,79.47231950763877,16.48737961959297,4.040300872768246
2132,79.47231950763877,16.48737961959297,4.040300872768246
2133,,,
2134,79.47231950763879,16.487379619592975,4.040300872768247
2135,79.4565011343262,16.501978870533275,4.04151999514052
2136,79.47049800430575,16.489060739624847,4.040441256069398
2137,79.47231950763879,16.487379619592975,4.040300872768247
2138,66.32274997817126,28.170543059959314,5.506706961869426
2139,66.32274997817126,28.170543059959314,5.506706961869426
2140,66.32274997817126,28.170543059959307,5.506706961869426
2141,66.32274997817126,28.170543059959314,5.506706961869426
2142,66.32274997817127,28.170543059959314,5.506706961869426
2143,66.32274997817126,28.170543059959314,5.506706961869426
2144,66.32274997817126,28.170543059959314,5.506706961869426
2145,66.32274997817127,28.170543059959314,5.506706961869427
2148,66.38214111495338,28.117775069617146,5.500083815429479
2149,66.32274997817127,28.170543059959318,5.506706961869426
2150,79.46274553214,16.49588593002965,4.041368537830351
2151,79.2319506865208,16.70094312954638,4.067106183932813
2152,79.47231950763879,16.48737961959297,4.040300872768247
2155,66.32274997817126,28.170543059959314,5.506706961869426
2163,79.47231950763877,16.48737961959297,4.040300872768246
2169,61.246684424270704,33.30836461410751,5.444950961621774
2170,61.24668442427071,33.30836461410751,5.444950961621775
2171,61.246684424270704,33.30836461410751,5.444950961621774
2176,66.32274997817127,28.170543059959314,5.506706961869426
2180,66.32274997817126,28.170543059959314,5.506706961869426
2184,61.24668442427071,33.30836461410751,5.444950961621775
2185,61.24668442427071,33.30836461410751,5.444950961621774
2186,61.252043327671046,33.30341872150779,5.444537950821162
2188,61.24668442427071,33.30836461410752,5.444950961621775
2189,61.24186303801375,33.3129732263605,5.445163735625739
2190,61.24668442427071,33.30836461410751,5.444950961621775
2191,61.24668442427071,33.30836461410752,5.444950961621774
2196,79.47231950763879,16.487379619592975,4.040300872768247
2199,79.47231950763877,16.48737961959297,4.040300872768246
2201,,,
2203,79.47231950763877,16.487379619592975,4.040300872768246
2205,79.47231950763877,16.487379619592975,4.040300872768246
2210,79.47231950763877,16.48737961959297,4.040300872768246
2215,79.39986764789602,16.554247612943154,4.045884739160816
2217,,,
2222,,,
2238,66.32274997817127,28.170543059959318,5.506706961869426
2269,61.24668442427071,33.30836461410751,5.444950961621775
2301,50.660185942279156,43.427667242058085,5.9121468156627595
2302,50.66108910130775,43.426803940604145,5.912106958088094
2303,50.66018594227914,43.427667242058085,5.912146815662759
2304,50.660185942279156,43.427667242058085,5.91214681566276
2305,50.660185942279156,43.427667242058085,5.912146815662759
2322,61.24668442427071,33.30836461410752,5.444950961621775
2324,50.661648599648025,43.426636343209815,5.911715057142171
2325,,,
2327,50.660185942279156,43.42766724205808,5.9121468156627595
2330,50.660185942279156,43.427667242058085,5.91214681566276
2331,50.660185942279156,43.427667242058085,5.91214681566276
2332,50.660185942279156,43.427667242058085,5.91214681566276
2333,50.660185942279156,43.427667242058085,5.91214681566276
2334,51.8633060779947,42.57969341807955,5.557000503925743
2337,,,
2338,50.660185942279156,43.427667242058085,5.91214681566276
2339,50.660185942279156,43.427667242058085,5.91214681566276
2341,50.660185942279156,43.427667242058085,5.9121468156627595
2343,61.24668442427071,33.30836461410751,5.444950961621774
2344,,,
2345,50.660185942279156,43.427667242058085,5.9121468156627595
2346,50.660185942279156,43.427667242058085,5.91214681566276
2347,50.66063687676969,43.42734941789992,5.912013705330387
2348,,,
2349,,,
2350,50.660185942279156,43.427667242058085,5.91214681566276
2351,50.660185942279156,43.427667242058085,5.91214681566276
2355,,,
2356,51.88138988414014,42.561825555715444,5.556784560144417
2357,,,
2358,,,
2359,50.660185942279156,43.427667242058085,5.91214681566276
2360,50.66073006645345,43.4272031457345,5.91206678781205
2361,50.660185942279156,43.427667242058085,5.91214681566276
2362,50.660185942279156,43.427667242058085,5.9121468156627595
2364,50.660185942279156,43.427667242058085,5.9121468156627595
2366,,,
2367,50.66018594227914,43.427667242058085,5.91214681566276
2368,61.24668442427071,33.30836461410751,5.444950961621774
2370,50.660185942279156,43.427667242058085,5.9121468156627595
2375,51.8633060779947,42.57969341807956,5.557000503925743
2379,50.660185942279156,43.427667242058085,5.9121468156627595
2381,,,
2382,50.660185942279156,43.427667242058085,5.91214681566276
2420,66.32274997817126,28.170543059959314,5.506706961869426
2421,66.32274997817126,28.170543059959314,5.506706961869426
2445,61.283388339454284,33.27448947045855,5.442122190087172
2446,61.290092290396025,33.26830219316043,5.441605516443542
2447,61.24668442427071,33.30836461410752,5.444950961621775
2451,66.32274997817126,28.170543059959314,5.506706961869426
2452,66.32274997817126,28.170543059959314,5.506706961869426
2453,66.32274997817126,28.170543059959314,5.506706961869426
2454,66.32274997817127,28.170543059959314,5.506706961869426
2455,66.32274997817126,28.170543059959314,5.506706961869426
2458,66.32274997817127,28.170543059959314,5.506706961869426
2459,66.32274997817126,28.170543059959314,5.506706961869426
2460,66.32274997817127,28.170543059959318,5.506706961869427
2461,66.32274997817126,28.170543059959314,5.506706961869426
2462,66.32274997817126,28.170543059959314,5.506706961869427
2464,66.32274997817126,28.170543059959314,5.506706961869426
2465,66.32274997817126,28.170543059959314,5.506706961869426
2466,66.32274997817126,28.170543059959314,5.506706961869426
2467,65.15214445533233,29.56455904787153,5.28329649679612
2468,66.32274997817126,28.170543059959314,5.506706961869426
2471,66.32274997817126,28.170543059959314,5.506706961869426
2472,66.32274997817126,28.170543059959314,5.506706961869426
2474,66.32274997817126,28.170543059959314,5.506706961869426
2476,66.32274997817127,28.170543059959314,5.506706961869427
2477,,,
2478,66.32274997817126,28.170543059959314,5.506706961869426
2481,61.246684424270725,33.30836461410752,5.444950961621775
2482,61.24668442427071,33.30836461410751,5.444950961621775
2492,61.24668442427071,33.30836461410751,5.444950961621774
2493,66.32274997817126,28.170543059959318,5.506706961869427
2494,61.246684424270704,33.30836461410751,5.444950961621774
2532,53.13420903149453,41.31751468054709,5.54827628795838
2534,53.99383418634627,40.58432013989915,5.421845673754589
2535,72.92286164072065,21.63722231939829,5.439916039881057
2536,53.99383418634627,40.58432013989915,5.421845673754589
2537,53.99383418634627,40.58432013989915,5.421845673754588
2538,50.660185942279156,43.427667242058085,5.91214681566276
2539,72.92286164072065,21.637222319398287,5.439916039881057
2540,53.99383418634627,40.58432013989915,5.421845673754589
2541,53.99383418634627,40.58432013989915,5.421845673754589
2542,53.99383418634627,40.58432013989914,5.421845673754589
2543,53.99383418634627,40.58432013989915,5.421845673754589
2552,,,
2553,53.99383418634627,40.58432013989914,5.421845673754589
2554,64.70955652717052,29.54403497813866,5.746408494690818
2556,53.99383418634627,40.58432013989915,5.421845673754589
2557,72.92286164072067,21.637222319398287,5.439916039881057
2558,,,
2559,53.99383418634627,40.58432013989914,5.421845673754588
2561,,,
2562,53.993834186346255,40.58432013989914,5.421845673754588
2563,53.993834186346255,40.58432013989914,5.421845673754588
2564,,,
2568,72.92286164072065,21.637222319398287,5.439916039881056
2571,50.660185942279156,43.427667242058085,5.91214681566276
2574,53.99383418634627,40.58432013989915,5.421845673754589
2575,72.92286164072067,21.637222319398287,5.439916039881056
2576,50.660185942279156,43.427667242058085,5.91214681566276
2584,64.7095565271705,29.54403497813866,5.746408494690818
2601,53.99383418634627,40.58432013989915,5.421845673754589
2630,53.99383418634627,40.58432013989914,5.421845673754588
2631,53.99383418634627,40.58432013989914,5.421845673754588
2632,53.99383418634627,40.58432013989915,5.421845673754588
2633,53.99383418634627,40.58432013989915,5.421845673754589
2634,53.993834186346255,40.58432013989914,5.4218456737545875
2635,53.99383418634627,40.58432013989914,5.4218456737545875
2637,53.99383418634627,40.58432013989914,5.421845673754588
2638,53.99383418634627,40.58432013989915,5.421845673754589
2639,53.99383418634627,40.58432013989914,5.421845673754588
2641,,,
2642,53.993834186346255,40.58432013989914,5.421845673754588
2643,,,
2644,53.99383418634627,40.58432013989914,5.421845673754588
2645,53.993834186346255,40.58432013989914,5.4218456737545875
2646,53.99383418634627,40.58432013989915,5.421845673754589
2647,53.99383418634627,40.58432013989915,5.421845673754589
2648,53.99383418634627,40.58432013989915,5.421845673754589
2649,53.99383418634627,40.58432013989915,5.421845673754589
2650,53.993834186346255,40.58432013989914,5.421845673754588
2651,,,
2652,,,
2653,53.993834186346255,40.58432013989914,5.4218456737545875
2655,53.99383418634627,40.58432013989914,5.421845673754588
2657,53.99383418634627,40.58432013989914,5.421845673754588
2659,53.99383418634627,40.58432013989915,5.421845673754588
2660,53.99383418634627,40.58432013989914,5.421845673754588
2661,53.99383418634627,40.58432013989914,5.421845673754588
2662,53.99383418634627,40.58432013989915,5.421845673754589
2663,,,
2664,53.99383418634627,40.58432013989915,5.421845673754588
2666,53.99383418634627,40.58432013989915,5.421845673754589
2667,53.99383418634627,40.58432013989914,5.421845673754589
2668,53.993834186346255,40.58432013989915,5.421845673754588
2669,53.99383418634627,40.58432013989915,5.421845673754588
2670,53.993834186346255,40.58432013989914,5.4218456737545875
2671,53.99383418634627,40.58432013989915,5.421845673754588
2672,53.993834186346255,40.58432013989914,5.421845673754588
2673,53.99383418634627,40.58432013989915,5.421845673754588
2675,53.99383418634627,40.58432013989914,5.421845673754588
2702,51.8633060779947,42.57969341807955,5.557000503925743
2703,51.86330607799471,42.57969341807956,5.557000503925744
2712,51.8633060779947,42.579693418079565,5.557000503925744
2713,,,
2715,51.8633060779947,42.57969341807956,5.557000503925744
2717,51.8633060779947,42.57969341807956,5.557000503925744
2718,51.854234866087076,42.58608691946074,5.559678214452185
2719,51.8633060779947,42.57969341807955,5.557000503925743
2720,51.8633060779947,42.57969341807955,5.557000503925743
2721,51.8633060779947,42.57969341807956,5.557000503925743
2722,51.8633060779947,42.57969341807956,5.557000503925743
2723,51.8633060779947,42.57969341807956,5.557000503925744
2724,51.86330607799471,42.57969341807956,5.557000503925744
2725,51.8633060779947,42.57969341807956,5.557000503925743
2726,51.8633060779947,42.57969341807955,5.557000503925743
2738,50.660185942279156,43.427667242058085,5.91214681566276
2739,50.660185942279156,43.427667242058085,5.912146815662761
2740,51.8633060779947,42.57969341807955,5.557000503925744
2741,51.8633060779947,42.57969341807955,5.557000503925743
2742,51.8633060779947,42.57969341807955,5.557000503925744
2743,51.8633060779947,42.57969341807955,5.557000503925743
2744,51.8633060779947,42.57969341807955,5.557000503925743
2745,51.86330607799471,42.579693418079565,5.557000503925745
2746,51.8633060779947,42.57969341807955,5.557000503925743
2747,51.8633060779947,42.57969341807956,5.557000503925744
2748,51.8633060779947,42.57969341807956,5.557000503925744
2760,51.8633060779947,42.57969341807956,5.557000503925743
2761,51.8633060779947,42.57969341807956,5.557000503925743
2762,61.24668442427071,33.30836461410751,5.444950961621775
2763,51.86330607799471,42.57969341807956,5.557000503925743
2764,51.86330607799471,42.57969341807956,5.557000503925744
2766,51.8633060779947,42.57969341807955,5.557000503925743
2767,51.860982909897935,42.5813308154402,5.557686274661865
2768,,,
2769,51.8633060779947,42.57969341807956,5.557000503925743
2770,50.661688538069264,43.42660819412081,5.911703267809934
2771,51.8633060779947,42.57969341807956,5.557000503925744
2777,51.8633060779947,42.57969341807956,5.557000503925744
2779,51.84587322965469,42.591980303346354,5.5621464669989535
2780,51.8633060779947,42.57969341807956,5.557000503925743
2790,51.8633060779947,42.57969341807956,5.557000503925743
2791,,,
2801,,,
2802,,,
2804,52.23036159600998,42.197630922693264,5.572007481296757
2806,58.85545340407437,36.08602324733709,5.058523348588555
2807,52.23036159600998,42.197630922693264,5.572007481296757
2808,52.23036159600998,42.197630922693264,5.572007481296757
2809,58.85545340407437,36.08602324733709,5.058523348588554
2812,52.23036159600998,42.19763092269327,5.572007481296758
2813,52.23036159600996,42.19763092269327,5.572007481296758
2814,58.55519440240181,37.350817557005676,4.093988040592511
2815,58.5551944024018,37.350817557005676,4.093988040592511
2816,47.16223461312474,47.85873356020585,4.979031826669414
2817,47.15965416420926,47.86111355109109,4.979232284699652
2818,47.15965416420926,47.861113551091094,4.979232284699652
2822,52.23036159600998,42.19763092269327,5.572007481296758
2823,,,
2824,,,
2825,58.55519440240181,37.35081755700569,4.093988040592513
2826,58.55519440240181,37.35081755700568,4.093988040592512
2827,47.15965416420926,47.86111355109109,4.979232284699652
2828,58.55519440240181,37.35081755700568,4.093988040592512
2829,,,
2830,58.55519440240181,37.35081755700568,4.093988040592513
2831,57.44097265515129,38.3784827770714,4.1805445677773045
2832,52.23036159600996,42.197630922693264,5.572007481296757
2833,52.23036159600998,42.19763092269327,5.572007481296758
2835,57.04081889288499,37.662533638489975,5.296647468625036
2836,52.23036159600998,42.19763092269327,5.572007481296758
2837,57.04081889288498,37.662533638489975,5.296647468625035
2838,58.55519440240181,37.35081755700568,4.093988040592512
2839,58.55519440240181,37.35081755700568,4.093988040592512
2840,57.04081889288499,37.662533638489975,5.296647468625035
2841,,,
2842,57.04081889288498,37.66253363848998,5.296647468625035
2852,52.23036159600996,42.19763092269327,5.572007481296757
2857,58.55519440240181,37.35081755700568,4.093988040592513
2858,58.5551944024018,37.350817557005676,4.093988040592512
2859,58.55519440240181,37.35081755700568,4.093988040592512
2860,58.55519440240181,37.35081755700568,4.093988040592511
2861,58.55519440240181,37.350817557005676,4.093988040592512
2862,58.55519440240181,37.35081755700568,4.093988040592511
2863,58.5551944024018,37.350817557005676,4.093988040592512
2864,58.55519440240181,37.350817557005676,4.093988040592511
2865,58.55519440240181,37.35081755700569,4.093988040592513
2871,57.04081889288499,37.66253363848998,5.296647468625035
2872,,,
2873,52.23036159600998,42.19763092269327,5.572007481296757
2874,52.23036159600998,42.19763092269327,5.572007481296758
2875,52.23036159600998,42.19763092269327,5.572007481296758
2876,58.5551944024018,37.35081755700568,4.093988040592512
2877,52.23036159600998,42.19763092269327,5.572007481296758
2878,57.04081889288499,37.662533638489975,5.296647468625034
2879,52.23036159600998,42.197630922693264,5.572007481296757
2880,52.23036159600998,42.19763092269327,5.572007481296758
2881,52.23036159600998,42.19763092269327,5.572007481296758
2882,52.23036159600998,42.19763092269327,5.572007481296757
2883,52.23036159600998,42.197630922693264,5.572007481296757
2885,58.85545340407435,36.08602324733708,5.058523348588554
2886,47.159654164209265,47.86111355109109,4.979232284699653
2887,47.15965416420926,47.86111355109109,4.979232284699652
2888,47.15965416420925,47.86111355109109,4.979232284699652
2889,47.15965416420926,47.86111355109109,4.979232284699652
2891,52.23036159600998,42.19763092269327,5.572007481296758
2892,52.23036159600998,42.19763092269327,5.572007481296758
2893,47.15965416420926,47.86111355109109,4.979232284699652
2894,52.23036159600998,42.19763092269327,5.572007481296758
2895,58.55519440240181,37.35081755700568,4.093988040592513
2896,58.5551944024018,37.350817557005676,4.093988040592511
2898,52.23036159600998,42.19763092269327,5.572007481296757
2901,58.55519440240181,37.35081755700568,4.093988040592512
2902,,,
2903,58.5551944024018,37.350817557005676,4.093988040592511
2904,58.55519440240181,37.35081755700568,4.093988040592512
2905,58.55519440240181,37.35081755700569,4.093988040592513
2906,58.5551944024018,37.35081755700568,4.093988040592512
2907,58.5551944024018,37.35081755700568,4.093988040592512
2908,58.5551944024018,37.35081755700568,4.093988040592511
2909,58.5551944024018,37.35081755700568,4.093988040592512
2910,58.5551944024018,37.35081755700568,4.093988040592511
2911,58.5551944024018,37.350817557005676,4.093988040592512
2912,,,
2914,58.5551944024018,37.35081755700568,4.093988040592512
2915,58.55668671806363,37.34453140955705,4.0987818723793294
2916,58.5551944024018,37.35081755700568,4.093988040592512
2917,58.55519440240181,37.350817557005676,4.093988040592511
2918,,,
2919,58.55519440240181,37.35081755700568,4.093988040592512
2920,58.5551944024018,37.350817557005676,4.093988040592512
2921,58.5551944024018,37.350817557005676,4.093988040592512
2940,58.55519440240181,37.35081755700568,4.093988040592512
3031,47.28328474708245,47.4845932523668,5.232122000550749
3032,44.68813720287143,50.52763889276836,4.784223904360214
